stopy zwrotu w K3:
min: -2.197130264816718
max: 1.5829375989336127
srednia: -0.03705676119739156
odchylenie standardowe: 0.7112308580117548

stopy zwrotu w K4:
min: -1.4559153263241171
max: 1.1461131516912544
srednia: 0.058719195499520295
odchylenie standardowe: 0.4599134553086559

stopy zwrotu w K1:
min: -5.709919950130385
max: 5.487569990544718
srednia: -0.06641020948738442
odchylenie standardowe: 2.196629694065315